HipCenter : 0.07431904 . 0.1734015 . 2.813963 . Tracked
Spine : 0.07271145 . 0.2380413 . 2.848008 . Tracked
ShoulderCenter : 0.07280497 . 0.5772487 . 2.834212 . Tracked
Head : 0.07478362 . 0.744758 . 2.791972 . Tracked
ShoulderLeft : -0.08055471 . 0.5352407 . 2.846781 . Tracked
ElbowLeft : -0.2170285 . 0.7217857 . 2.775641 . Tracked
WristLeft : -0.1017099 . 0.9095492 . 2.725273 . Tracked
HandLeft : -0.08000688 . 0.9784125 . 2.710339 . Tracked
ShoulderRight : 0.230245 . 0.4506075 . 2.851395 . Tracked
ElbowRight : 0.2694107 . 0.2247216 . 2.914171 . Tracked
WristRight : 0.2908091 . 0.003868714 . 2.926994 . Tracked
HandRight : 0.283034 . -0.06851673 . 2.915328 . Tracked
HipLeft : 0.004271212 . 0.1051136 . 2.802325 . Tracked
KneeLeft : -0.007429176 . -0.4205642 . 2.842659 . Tracked
AnkleLeft : 0.007578435 . -0.7928429 . 2.880813 . Tracked
FootLeft : 0.01225776 . -0.8427252 . 2.810301 . Tracked
HipRight : 0.144673 . 0.09716355 . 2.813449 . Tracked
KneeRight : 0.2008513 . -0.409301 . 2.785778 . Tracked
AnkleRight : 0.2270905 . -0.7793219 . 2.764455 . Tracked
FootRight : 0.2565694 . -0.8330966 . 2.697109 . Tracked
