HipCenter : 0.1346347 . 0.1600516 . 3.00507 . Tracked
Spine : 0.1280867 . 0.2241719 . 3.04724 . Tracked
ShoulderCenter : 0.1305641 . 0.5735367 . 3.041733 . Tracked
Head : 0.1575661 . 0.7508605 . 3.021252 . Tracked
ShoulderLeft : -0.006474849 . 0.4626282 . 3.029154 . Tracked
ElbowLeft : -0.09047699 . 0.2063851 . 3.036626 . Tracked
WristLeft : -0.107723 . -0.008581743 . 2.958561 . Tracked
HandLeft : -0.09883668 . -0.09997032 . 2.920606 . Tracked
ShoulderRight : 0.3034767 . 0.5023133 . 3.081454 . Tracked
ElbowRight : 0.5109528 . 0.5729141 . 3.003576 . Tracked
WristRight : 0.4747069 . 0.7621079 . 2.873629 . Tracked
HandRight : 0.4663934 . 0.8178868 . 2.855709 . Tracked
HipLeft : 0.06517123 . 0.09030987 . 2.983341 . Tracked
KneeLeft : 0.01684733 . -0.4286214 . 2.963485 . Tracked
AnkleLeft : 0.006312954 . -0.7874215 . 2.891708 . Tracked
FootLeft : 0.009943908 . -0.8369063 . 2.812526 . Tracked
HipRight : 0.2050605 . 0.08732934 . 3.008327 . Tracked
KneeRight : 0.1987241 . -0.4268122 . 3.055941 . Tracked
AnkleRight : 0.1758528 . -0.7812001 . 3.080353 . Tracked
FootRight : 0.2058582 . -0.8442671 . 3.043082 . Tracked
