HipCenter : 0.08617866 . 0.1536441 . 2.915622 . Tracked
Spine : 0.07754655 . 0.2187836 . 2.962581 . Tracked
ShoulderCenter : 0.07189175 . 0.5726346 . 2.940209 . Tracked
Head : 0.09319711 . 0.7470175 . 2.910028 . Tracked
ShoulderLeft : -0.1000773 . 0.4871621 . 2.927495 . Tracked
ElbowLeft : -0.3295701 . 0.5459009 . 2.812295 . Tracked
WristLeft : -0.3371838 . 0.7701989 . 2.700051 . Tracked
HandLeft : -0.3284955 . 0.8694975 . 2.692682 . Tracked
ShoulderRight : 0.2232973 . 0.4524391 . 2.971899 . Tracked
ElbowRight : 0.2574612 . 0.2143931 . 3.035789 . Tracked
WristRight : 0.2851562 . -0.007417232 . 3.041803 . Tracked
HandRight : 0.2933849 . -0.1038564 . 3.066738 . Inferred
HipLeft : 0.01851195 . 0.08217728 . 2.891955 . Tracked
KneeLeft : -0.009260922 . -0.4189838 . 2.899373 . Tracked
AnkleLeft : -0.0007517046 . -0.7789971 . 2.878784 . Tracked
FootLeft : 0.01417949 . -0.8391567 . 2.819325 . Tracked
HipRight : 0.1590691 . 0.07653953 . 2.925208 . Tracked
KneeRight : 0.1731743 . -0.4136035 . 2.987382 . Tracked
AnkleRight : 0.1712652 . -0.7659218 . 3.060134 . Tracked
FootRight : 0.2016342 . -0.8399319 . 3.035262 . Tracked
