HipCenter : 0.09610322 . 0.1431804 . 2.942709 . Tracked
Spine : 0.09049805 . 0.2092974 . 2.992169 . Tracked
ShoulderCenter : 0.08650883 . 0.574163 . 2.983277 . Tracked
Head : 0.1018279 . 0.7541831 . 2.973905 . Tracked
ShoulderLeft : -0.06140176 . 0.4599607 . 2.984922 . Tracked
ElbowLeft : -0.1846312 . 0.2329226 . 2.935958 . Tracked
WristLeft : -0.3129628 . 0.09603097 . 2.786471 . Tracked
HandLeft : -0.3690906 . 0.04849612 . 2.721232 . Tracked
ShoulderRight : 0.2420342 . 0.4517275 . 3.011276 . Tracked
ElbowRight : 0.3885534 . 0.2720812 . 3.027821 . Tracked
WristRight : 0.5453794 . 0.1595842 . 2.899865 . Tracked
HandRight : 0.6168232 . 0.1657325 . 2.855866 . Tracked
HipLeft : 0.0302921 . 0.07635288 . 2.927743 . Tracked
KneeLeft : -0.004797714 . -0.4244622 . 2.932657 . Tracked
AnkleLeft : 0.002560303 . -0.7901413 . 2.888335 . Tracked
FootLeft : 0.01224726 . -0.8380674 . 2.816222 . Tracked
HipRight : 0.1649341 . 0.07281414 . 2.940531 . Tracked
KneeRight : 0.1706795 . -0.4273922 . 3.021529 . Tracked
AnkleRight : 0.1732186 . -0.7777478 . 3.079504 . Tracked
FootRight : 0.2041206 . -0.8441423 . 3.038658 . Tracked
