HipCenter : 0.1017948 . 0.1454229 . 2.954731 . Tracked
Spine : 0.09459221 . 0.2114092 . 3.002316 . Tracked
ShoulderCenter : 0.09211271 . 0.5729038 . 2.990775 . Tracked
Head : 0.1107807 . 0.7517363 . 2.982765 . Tracked
ShoulderLeft : -0.05546917 . 0.4598368 . 2.989958 . Tracked
ElbowLeft : -0.1692988 . 0.2205888 . 2.952952 . Tracked
WristLeft : -0.2458135 . 0.04012658 . 2.830045 . Tracked
HandLeft : -0.2917888 . -0.01612804 . 2.761826 . Tracked
ShoulderRight : 0.2480369 . 0.4601632 . 3.028432 . Tracked
ElbowRight : 0.4200345 . 0.3038948 . 3.024768 . Tracked
WristRight : 0.5954577 . 0.2972008 . 2.862583 . Tracked
HandRight : 0.6589664 . 0.3123432 . 2.828664 . Tracked
HipLeft : 0.03655223 . 0.07859015 . 2.940267 . Tracked
KneeLeft : -0.001769127 . -0.4251674 . 2.937648 . Tracked
AnkleLeft : 0.003788248 . -0.7904553 . 2.889707 . Tracked
FootLeft : 0.01154217 . -0.8375084 . 2.815303 . Tracked
HipRight : 0.1700888 . 0.07509841 . 2.952939 . Tracked
KneeRight : 0.1728568 . -0.4274628 . 3.028415 . Tracked
AnkleRight : 0.1733659 . -0.7770382 . 3.079873 . Tracked
FootRight : 0.2058465 . -0.8440311 . 3.040402 . Tracked
