HipCenter : 0.04331969 . 0.1743424 . 2.878598 . Tracked
Spine : 0.03641528 . 0.2380153 . 2.914209 . Tracked
ShoulderCenter : 0.03194964 . 0.5737097 . 2.895688 . Tracked
Head : 0.04195993 . 0.7439347 . 2.856218 . Tracked
ShoulderLeft : -0.1245088 . 0.5287223 . 2.897533 . Tracked
ElbowLeft : -0.2545721 . 0.7153342 . 2.804935 . Tracked
WristLeft : -0.1432021 . 0.9079655 . 2.763427 . Tracked
HandLeft : -0.08855977 . 0.9577373 . 2.763206 . Tracked
ShoulderRight : 0.1908072 . 0.4519003 . 2.936269 . Tracked
ElbowRight : 0.2172163 . 0.2120255 . 2.978993 . Tracked
WristRight : 0.2457722 . -0.0003449619 . 3.031767 . Tracked
HandRight : 0.2380725 . -0.01497815 . 2.992256 . Inferred
HipLeft : -0.02392138 . 0.1032908 . 2.859768 . Tracked
KneeLeft : -0.02754792 . -0.4148067 . 2.880107 . Tracked
AnkleLeft : 0.0008572701 . -0.7852256 . 2.881515 . Tracked
FootLeft : 0.01323333 . -0.8395646 . 2.816519 . Tracked
HipRight : 0.1144194 . 0.09715541 . 2.883885 . Tracked
KneeRight : 0.1768976 . -0.4173869 . 2.925596 . Tracked
AnkleRight : 0.1760031 . -0.7783583 . 3.05002 . Tracked
FootRight : 0.2160189 . -0.8471634 . 3.032376 . Tracked
