HipCenter : 0.2805162 . 0.1365782 . 2.204615 . Tracked
Spine : 0.2838713 . 0.2068328 . 2.240025 . Tracked
ShoulderCenter : 0.3298647 . 0.5709938 . 2.22402 . Tracked
Head : 0.3638378 . 0.7478422 . 2.193273 . Tracked
ShoulderLeft : 0.1741133 . 0.4726196 . 2.220012 . Tracked
ElbowLeft : 0.0501201 . 0.2457643 . 2.209617 . Tracked
WristLeft : 0.02429852 . 0.04814297 . 2.088259 . Tracked
HandLeft : 0.03231375 . 0.00258932 . 2.056479 . Tracked
ShoulderRight : 0.4798782 . 0.4371879 . 2.259247 . Tracked
ElbowRight : 0.5305521 . 0.204091 . 2.240252 . Tracked
WristRight : 0.5752217 . -0.0005245656 . 2.140299 . Tracked
HandRight : 0.5864654 . -0.08023678 . 2.085834 . Tracked
HipLeft : 0.2039777 . 0.07550281 . 2.191822 . Tracked
KneeLeft : 0.1444219 . -0.4145378 . 2.145348 . Tracked
AnkleLeft : 0.1259246 . -0.7583983 . 2.123595 . Tracked
FootLeft : 0.09935557 . -0.8172508 . 2.079473 . Tracked
HipRight : 0.3426582 . 0.05927449 . 2.207181 . Tracked
KneeRight : 0.3189563 . -0.416856 . 2.226388 . Tracked
AnkleRight : 0.2821521 . -0.7733698 . 2.233494 . Tracked
FootRight : 0.3281251 . -0.8310509 . 2.186287 . Tracked
