HipCenter : 0.08138458 . 0.1472954 . 2.776552 . Tracked
Spine : 0.07723854 . 0.2140907 . 2.800072 . Tracked
ShoulderCenter : 0.07583155 . 0.5594745 . 2.797573 . Tracked
Head : 0.08110797 . 0.7353902 . 2.775569 . Tracked
ShoulderLeft : -0.07434732 . 0.4457387 . 2.789089 . Tracked
ElbowLeft : -0.1809046 . 0.2485946 . 2.732316 . Tracked
WristLeft : -0.2473319 . 0.09223004 . 2.569737 . Tracked
HandLeft : -0.2853224 . 0.0634381 . 2.469963 . Tracked
ShoulderRight : 0.2310206 . 0.4480371 . 2.831186 . Tracked
ElbowRight : 0.3458616 . 0.2296819 . 2.846629 . Tracked
WristRight : 0.4572846 . 0.07291535 . 2.714331 . Tracked
HandRight : 0.4932997 . 0.008236781 . 2.64498 . Tracked
HipLeft : 0.01700321 . 0.0799375 . 2.763993 . Tracked
KneeLeft : -0.03591799 . -0.4321584 . 2.677094 . Tracked
AnkleLeft : -0.06243211 . -0.7534214 . 2.55378 . Tracked
FootLeft : -0.06252261 . -0.8011929 . 2.466474 . Tracked
HipRight : 0.1478216 . 0.07664171 . 2.777468 . Tracked
KneeRight : 0.1129813 . -0.4575846 . 2.856208 . Tracked
AnkleRight : 0.06523372 . -0.8090045 . 2.908949 . Tracked
FootRight : 0.1068466 . -0.8560762 . 2.870692 . Tracked
