HipCenter : 0.2189767 . 0.154316 . 2.316053 . Tracked
Spine : 0.2207794 . 0.2232696 . 2.33968 . Tracked
ShoulderCenter : 0.2433471 . 0.5731716 . 2.318991 . Tracked
Head : 0.2636033 . 0.7548519 . 2.300535 . Tracked
ShoulderLeft : 0.08685138 . 0.4708471 . 2.331748 . Tracked
ElbowLeft : 0.01600501 . 0.2052572 . 2.333505 . Tracked
WristLeft : 0.004750224 . -0.01354894 . 2.269969 . Tracked
HandLeft : 0.003769371 . -0.06883006 . 2.238874 . Tracked
ShoulderRight : 0.4006997 . 0.4578494 . 2.358487 . Tracked
ElbowRight : 0.4506946 . 0.2097878 . 2.36202 . Tracked
WristRight : 0.4815854 . 0.001039162 . 2.271319 . Tracked
HandRight : 0.480238 . -0.09370586 . 2.232883 . Tracked
HipLeft : 0.1449165 . 0.08879058 . 2.309541 . Tracked
KneeLeft : 0.09126277 . -0.4034873 . 2.202922 . Tracked
AnkleLeft : 0.08370082 . -0.7586501 . 2.186183 . Tracked
FootLeft : 0.06424281 . -0.8049564 . 2.099981 . Tracked
HipRight : 0.2849531 . 0.07886565 . 2.316898 . Tracked
KneeRight : 0.2843101 . -0.420383 . 2.344161 . Tracked
AnkleRight : 0.2632843 . -0.7798793 . 2.33829 . Tracked
FootRight : 0.2902367 . -0.8375452 . 2.284374 . Tracked
