HipCenter : 0.2219578 . 0.1381274 . 2.093827 . Tracked
Spine : 0.2126436 . 0.2074492 . 2.135666 . Tracked
ShoulderCenter : 0.2086591 . 0.5776861 . 2.121095 . Tracked
Head : 0.2229207 . 0.7540538 . 2.102661 . Tracked
ShoulderLeft : 0.06303462 . 0.4565514 . 2.103627 . Tracked
ElbowLeft : 0.0002102616 . 0.2086057 . 2.070117 . Tracked
WristLeft : 0.004802848 . 0.007405877 . 1.953866 . Tracked
HandLeft : 0.02649895 . -0.05448777 . 1.918538 . Tracked
ShoulderRight : 0.3699365 . 0.4529966 . 2.158317 . Tracked
ElbowRight : 0.4201206 . 0.1975542 . 2.146488 . Tracked
WristRight : 0.4402908 . -0.007255316 . 2.039715 . Tracked
HandRight : 0.4366659 . -0.06330557 . 2.007448 . Tracked
HipLeft : 0.1542361 . 0.06983866 . 2.07578 . Tracked
KneeLeft : 0.1478564 . -0.4000705 . 2.084097 . Tracked
AnkleLeft : 0.1491388 . -0.7472954 . 2.065154 . Tracked
FootLeft : 0.1631547 . -0.7830418 . 1.987717 . Tracked
HipRight : 0.2936708 . 0.06751789 . 2.098713 . Tracked
KneeRight : 0.2895131 . -0.4350822 . 2.159722 . Tracked
AnkleRight : 0.2841524 . -0.7709167 . 2.213069 . Tracked
FootRight : 0.3422054 . -0.8400822 . 2.182031 . Tracked
