HipCenter : 0.137579 . 0.153868 . 2.349244 . Tracked
Spine : 0.1416609 . 0.2247118 . 2.344309 . Tracked
ShoulderCenter : 0.1796067 . 0.5726181 . 2.28801 . Tracked
Head : 0.2421332 . 0.7431407 . 2.204734 . Tracked
ShoulderLeft : 0.03426373 . 0.4933462 . 2.282976 . Tracked
ElbowLeft : -0.08288456 . 0.2761866 . 2.299888 . Tracked
WristLeft : 0.000607565 . 0.1045006 . 2.187536 . Tracked
HandLeft : 0.06343079 . 0.05555214 . 2.120948 . Tracked
ShoulderRight : 0.3234354 . 0.4652819 . 2.394177 . Tracked
ElbowRight : 0.3507349 . 0.2699423 . 2.452019 . Tracked
WristRight : 0.3985184 . 0.1036365 . 2.310848 . Tracked
HandRight : 0.4122681 . 0.04670651 . 2.225136 . Tracked
HipLeft : 0.06085468 . 0.09082176 . 2.334242 . Tracked
KneeLeft : 0.01718346 . -0.4009781 . 2.357036 . Tracked
AnkleLeft : 0.001343356 . -0.788139 . 2.482356 . Tracked
FootLeft : 0.01205452 . -0.858393 . 2.466414 . Tracked
HipRight : 0.1997942 . 0.07959208 . 2.380922 . Tracked
KneeRight : 0.1935071 . -0.3863595 . 2.320659 . Tracked
AnkleRight : 0.1559223 . -0.7750307 . 2.323755 . Tracked
FootRight : 0.188281 . -0.8400744 . 2.318586 . Tracked
