HipCenter : 0.1273287 . 0.1428017 . 2.377845 . Tracked
Spine : 0.1320704 . 0.2131949 . 2.3671 . Tracked
ShoulderCenter : 0.1716818 . 0.5575689 . 2.295303 . Tracked
Head : 0.2371611 . 0.7226336 . 2.209437 . Tracked
ShoulderLeft : 0.02598417 . 0.4757802 . 2.288491 . Tracked
ElbowLeft : -0.09046543 . 0.2513541 . 2.295071 . Tracked
WristLeft : 0.004599012 . 0.07837921 . 2.196741 . Tracked
HandLeft : 0.06054275 . 0.04106028 . 2.152436 . Tracked
ShoulderRight : 0.3146768 . 0.4558259 . 2.412949 . Tracked
ElbowRight : 0.3285221 . 0.2563988 . 2.470809 . Tracked
WristRight : 0.3707676 . 0.08801082 . 2.330636 . Tracked
HandRight : 0.389505 . 0.03152073 . 2.245519 . Tracked
HipLeft : 0.05047681 . 0.0781565 . 2.363691 . Tracked
KneeLeft : 0.01182937 . -0.404269 . 2.389305 . Tracked
AnkleLeft : 0.005808379 . -0.7995056 . 2.511987 . Tracked
FootLeft : 0.008369082 . -0.8561205 . 2.466168 . Tracked
HipRight : 0.188893 . 0.0693823 . 2.418048 . Tracked
KneeRight : 0.1932003 . -0.3862948 . 2.327623 . Tracked
AnkleRight : 0.1584653 . -0.777412 . 2.32492 . Tracked
FootRight : 0.1908668 . -0.8415627 . 2.312838 . Tracked
