HipCenter : 0.1483545 . 0.1612705 . 2.320342 . Tracked
Spine : 0.1500006 . 0.2332818 . 2.321052 . Tracked
ShoulderCenter : 0.1799507 . 0.5870019 . 2.275709 . Tracked
Head : 0.2394307 . 0.7592231 . 2.196313 . Tracked
ShoulderLeft : 0.03794894 . 0.5010828 . 2.272398 . Tracked
ElbowLeft : -0.07101172 . 0.2943414 . 2.296286 . Tracked
WristLeft : -0.01438468 . 0.1241859 . 2.163657 . Tracked
HandLeft : 0.04114537 . 0.08173323 . 2.086795 . Tracked
ShoulderRight : 0.3279369 . 0.4726955 . 2.36747 . Tracked
ElbowRight : 0.3658875 . 0.2783353 . 2.424116 . Tracked
WristRight : 0.4267098 . 0.1143074 . 2.28511 . Tracked
HandRight : 0.4490493 . 0.06892523 . 2.194363 . Tracked
HipLeft : 0.07445117 . 0.09962906 . 2.304543 . Tracked
KneeLeft : 0.01750194 . -0.3899532 . 2.296331 . Tracked
AnkleLeft : 0.005023021 . -0.7685603 . 2.413218 . Tracked
FootLeft : -0.007100136 . -0.8400853 . 2.407381 . Tracked
HipRight : 0.2113918 . 0.08650298 . 2.348223 . Tracked
KneeRight : 0.1987072 . -0.3905481 . 2.316665 . Tracked
AnkleRight : 0.1523122 . -0.7782456 . 2.324764 . Tracked
FootRight : 0.1988941 . -0.834133 . 2.322872 . Tracked
