HipCenter : 0.05535392 . 0.110675 . 2.23936 . Tracked
Spine : 0.06520085 . 0.171277 . 2.286046 . Tracked
ShoulderCenter : 0.09053475 . 0.5171913 . 2.287905 . Tracked
Head : 0.1308737 . 0.7570461 . 2.346828 . Tracked
ShoulderLeft : 0.02834687 . 0.5033745 . 2.156868 . Tracked
ElbowLeft : 0.1008924 . 0.2786126 . 1.958621 . Tracked
WristLeft : 0.269177 . 0.0765595 . 1.864425 . Tracked
HandLeft : 0.3217708 . 0.02369547 . 1.847632 . Tracked
ShoulderRight : 0.1402493 . 0.4123251 . 2.123106 . Inferred
ElbowRight : 0.082719 . 0.2048472 . 1.920776 . Tracked
WristRight : 0.2326826 . -0.000541091 . 1.871215 . Inferred
HandRight : 0.2885284 . 0.01178536 . 1.820859 . Tracked
HipLeft : 0.02805229 . 0.07064158 . 2.196079 . Tracked
KneeLeft : 0.0214916 . -0.4931241 . 2.30537 . Tracked
AnkleLeft : 0.005495803 . -0.8106045 . 2.238919 . Tracked
FootLeft : -0.007340904 . -0.8450888 . 2.160593 . Tracked
HipRight : 0.07760998 . 0.04734851 . 2.267787 . Tracked
KneeRight : 0.04523347 . -0.4325382 . 2.351692 . Tracked
AnkleRight : 0.1179705 . -0.7687989 . 2.229826 . Tracked
FootRight : 0.1051338 . -0.8032833 . 2.151501 . Tracked
