HipCenter : 0.06295446 . 0.06366409 . 2.2308 . Tracked
Spine : 0.07394879 . 0.1273478 . 2.277913 . Tracked
ShoulderCenter : 0.0765783 . 0.4901673 . 2.275501 . Tracked
Head : 0.118209 . 0.730855 . 2.326993 . Tracked
ShoulderLeft : 0.01739344 . 0.4956771 . 2.149158 . Tracked
ElbowLeft : -0.03616493 . 0.2651279 . 1.951123 . Tracked
WristLeft : 0.1314741 . 0.07788063 . 1.800565 . Tracked
HandLeft : 0.1877612 . 0.02742502 . 1.778093 . Tracked
ShoulderRight : 0.1262928 . 0.3853009 . 2.110702 . Inferred
ElbowRight : 0.06909496 . 0.1796886 . 1.90895 . Inferred
WristRight : 0.2190586 . -0.02569965 . 1.859386 . Inferred
HandRight : 0.2690465 . -0.0941624 . 1.847519 . Inferred
HipLeft : 0.03430815 . 0.0569876 . 2.247381 . Tracked
KneeLeft : 0.01886442 . -0.5179319 . 2.280396 . Inferred
AnkleLeft : 0.005681632 . -0.837372 . 2.262058 . Tracked
FootLeft : 0.09625325 . -0.8422648 . 2.220573 . Tracked
HipRight : 0.08594923 . 0.009935314 . 2.206907 . Tracked
KneeRight : 0.01114198 . -0.4399016 . 2.381726 . Tracked
AnkleRight : -0.06151596 . -0.7759519 . 2.332747 . Tracked
FootRight : 0.009378608 . -0.8050835 . 2.268923 . Tracked
