HipCenter : 0.1417513 . 0.1582208 . 2.337241 . Tracked
Spine : 0.1452091 . 0.2294484 . 2.33412 . Tracked
ShoulderCenter : 0.1803173 . 0.5796114 . 2.281843 . Tracked
Head : 0.2430107 . 0.7494515 . 2.201105 . Tracked
ShoulderLeft : 0.03651777 . 0.4984538 . 2.278409 . Tracked
ElbowLeft : -0.07759219 . 0.2907818 . 2.30133 . Tracked
WristLeft : -0.007176682 . 0.1199459 . 2.17774 . Tracked
HandLeft : 0.05399591 . 0.06968708 . 2.110554 . Tracked
ShoulderRight : 0.326372 . 0.4705832 . 2.381147 . Tracked
ElbowRight : 0.3556638 . 0.2763217 . 2.44097 . Tracked
WristRight : 0.4108104 . 0.1127558 . 2.299087 . Tracked
HandRight : 0.4244949 . 0.05694946 . 2.212598 . Tracked
HipLeft : 0.06620043 . 0.09579793 . 2.320765 . Tracked
KneeLeft : 0.01719839 . -0.4003973 . 2.340166 . Tracked
AnkleLeft : -0.0009016392 . -0.7868514 . 2.481336 . Tracked
FootLeft : 0.009743555 . -0.8527365 . 2.452222 . Tracked
HipRight : 0.2037005 . 0.08307094 . 2.369153 . Tracked
KneeRight : 0.195537 . -0.3877833 . 2.317897 . Tracked
AnkleRight : 0.1546404 . -0.7769114 . 2.324192 . Tracked
FootRight : 0.1898812 . -0.8406252 . 2.324835 . Tracked
