HipCenter : 0.1184453 . 0.1255626 . 2.400867 . Tracked
Spine : 0.1239482 . 0.1969635 . 2.385485 . Tracked
ShoulderCenter : 0.1658516 . 0.5441521 . 2.29756 . Tracked
Head : 0.2332482 . 0.7056556 . 2.2127 . Tracked
ShoulderLeft : 0.02042725 . 0.4648147 . 2.289605 . Tracked
ElbowLeft : -0.09548178 . 0.2362307 . 2.292485 . Tracked
WristLeft : -0.001217991 . 0.05643463 . 2.208897 . Tracked
HandLeft : 0.06007795 . -0.01494496 . 2.164943 . Tracked
ShoulderRight : 0.2992916 . 0.4394462 . 2.416396 . Tracked
ElbowRight : 0.3201747 . 0.2409206 . 2.481381 . Tracked
WristRight : 0.3534522 . 0.07171993 . 2.339695 . Tracked
HandRight : 0.3727625 . 0.007846159 . 2.265586 . Tracked
HipLeft : 0.04383014 . 0.06157479 . 2.388535 . Tracked
KneeLeft : 0.00844755 . -0.4075181 . 2.401216 . Tracked
AnkleLeft : 0.007107905 . -0.7999284 . 2.513877 . Tracked
FootLeft : 0.01489257 . -0.856751 . 2.468869 . Tracked
HipRight : 0.1787713 . 0.05732269 . 2.441747 . Tracked
KneeRight : 0.1990888 . -0.3828529 . 2.334032 . Tracked
AnkleRight : 0.1630548 . -0.7717757 . 2.324842 . Tracked
FootRight : 0.1903507 . -0.8379935 . 2.311229 . Tracked
