HipCenter : 0.1314934 . 0.1465762 . 2.363009 . Tracked
Spine : 0.1363656 . 0.2175944 . 2.355278 . Tracked
ShoulderCenter : 0.1768141 . 0.565512 . 2.29178 . Tracked
Head : 0.2401427 . 0.7295696 . 2.207811 . Tracked
ShoulderLeft : 0.03031027 . 0.4845724 . 2.286814 . Tracked
ElbowLeft : -0.08532857 . 0.268324 . 2.298539 . Tracked
WristLeft : 0.002670035 . 0.09393431 . 2.195466 . Tracked
HandLeft : 0.06301014 . 0.06290022 . 2.138912 . Tracked
ShoulderRight : 0.3186374 . 0.4596395 . 2.401977 . Tracked
ElbowRight : 0.3422719 . 0.2653655 . 2.463105 . Tracked
WristRight : 0.380311 . 0.09756416 . 2.320747 . Tracked
HandRight : 0.3970848 . 0.04042036 . 2.235747 . Tracked
HipLeft : 0.05595241 . 0.08373051 . 2.346966 . Tracked
KneeLeft : 0.0143918 . -0.4050038 . 2.378622 . Tracked
AnkleLeft : 0.004053342 . -0.7998583 . 2.513797 . Tracked
FootLeft : 0.008961488 . -0.8527108 . 2.463897 . Tracked
HipRight : 0.1912898 . 0.07186217 . 2.399826 . Tracked
KneeRight : 0.191643 . -0.3871384 . 2.324477 . Tracked
AnkleRight : 0.1572425 . -0.7780848 . 2.324765 . Tracked
FootRight : 0.1913389 . -0.8417675 . 2.315311 . Tracked
