HipCenter : 0.1093765 . 0.07981656 . 2.455151 . Tracked
Spine : 0.1142182 . 0.1484741 . 2.431768 . Tracked
ShoulderCenter : 0.1476862 . 0.4814184 . 2.310635 . Tracked
Head : 0.2105946 . 0.6372756 . 2.219624 . Tracked
ShoulderLeft : 0.007195469 . 0.4045665 . 2.301674 . Tracked
ElbowLeft : -0.08002856 . 0.1445938 . 2.300217 . Tracked
WristLeft : -0.01732567 . -0.06456713 . 2.265529 . Tracked
HandLeft : 0.02125544 . -0.1609443 . 2.260599 . Tracked
ShoulderRight : 0.2786893 . 0.3788118 . 2.423128 . Tracked
ElbowRight : 0.3032097 . 0.1540343 . 2.493512 . Tracked
WristRight : 0.3023397 . -0.08257238 . 2.370904 . Tracked
HandRight : 0.3058064 . -0.1469513 . 2.325264 . Tracked
HipLeft : 0.03647704 . 0.01417252 . 2.449966 . Tracked
KneeLeft : -0.0008842237 . -0.4095862 . 2.400369 . Tracked
AnkleLeft : 0.01043427 . -0.7972131 . 2.514405 . Tracked
FootLeft : 0.01484761 . -0.8598301 . 2.477246 . Tracked
HipRight : 0.170497 . 0.01931712 . 2.50245 . Tracked
KneeRight : 0.2165063 . -0.3890036 . 2.372823 . Tracked
AnkleRight : 0.179965 . -0.7771522 . 2.449916 . Tracked
FootRight : 0.2359555 . -0.8386039 . 2.465049 . Tracked
