HipCenter : 0.1133154 . 0.1174019 . 2.412517 . Tracked
Spine : 0.1187791 . 0.188034 . 2.395916 . Tracked
ShoulderCenter : 0.1599547 . 0.5328258 . 2.301057 . Tracked
Head : 0.2278102 . 0.6914527 . 2.215399 . Tracked
ShoulderLeft : 0.01565522 . 0.450097 . 2.29183 . Tracked
ElbowLeft : -0.09704322 . 0.2169665 . 2.291339 . Tracked
WristLeft : -0.006726854 . 0.03094119 . 2.220028 . Tracked
HandLeft : 0.05021385 . -0.05057202 . 2.190121 . Tracked
ShoulderRight : 0.2904216 . 0.4259468 . 2.417778 . Tracked
ElbowRight : 0.3119001 . 0.2189071 . 2.484166 . Tracked
WristRight : 0.3470033 . 0.05114582 . 2.341122 . Tracked
HandRight : 0.3543749 . -0.02893619 . 2.275444 . Tracked
HipLeft : 0.03888009 . 0.05388855 . 2.400813 . Tracked
KneeLeft : 0.006372741 . -0.4066545 . 2.407409 . Tracked
AnkleLeft : 0.008289173 . -0.7989098 . 2.515358 . Tracked
FootLeft : 0.01429673 . -0.8578445 . 2.472817 . Tracked
HipRight : 0.173388 . 0.05073575 . 2.455297 . Tracked
KneeRight : 0.2049685 . -0.3817984 . 2.339868 . Tracked
AnkleRight : 0.1682671 . -0.7719103 . 2.330982 . Tracked
FootRight : 0.1980233 . -0.8371939 . 2.317878 . Tracked
