HipCenter : 0.3384221 . 0.1605916 . 2.263449 . Tracked
Spine : 0.3401068 . 0.2319661 . 2.271642 . Tracked
ShoulderCenter : 0.3652822 . 0.5893874 . 2.275032 . Tracked
Head : 0.4083447 . 0.7654148 . 2.205488 . Tracked
ShoulderLeft : 0.2142918 . 0.4943544 . 2.240349 . Tracked
ElbowLeft : 0.06494969 . 0.4145697 . 2.086051 . Tracked
WristLeft : 0.04063749 . 0.2945915 . 1.812592 . Tracked
HandLeft : 0.04439392 . 0.2688553 . 1.725281 . Tracked
ShoulderRight : 0.5353084 . 0.4629766 . 2.333123 . Tracked
ElbowRight : 0.6688485 . 0.2900409 . 2.315194 . Tracked
WristRight : 0.8228351 . 0.1267215 . 2.169466 . Tracked
HandRight : 0.8699358 . 0.06661439 . 2.108157 . Tracked
HipLeft : 0.2617062 . 0.09716567 . 2.244716 . Tracked
KneeLeft : 0.1587197 . -0.3879474 . 2.307369 . Tracked
AnkleLeft : 0.1000935 . -0.7787381 . 2.381346 . Tracked
FootLeft : 0.1056079 . -0.8452082 . 2.342976 . Tracked
HipRight : 0.4067537 . 0.07872058 . 2.272304 . Tracked
KneeRight : 0.5187997 . -0.3905679 . 2.239656 . Tracked
AnkleRight : 0.6323171 . -0.7692906 . 2.153701 . Tracked
FootRight : 0.6834812 . -0.8143151 . 2.084344 . Tracked
