HipCenter : 0.007486274 . 0.05679592 . 2.225131 . Tracked
Spine : 0.03303372 . 0.1305561 . 2.270555 . Tracked
ShoulderCenter : 0.05068268 . 0.5391575 . 2.270231 . Tracked
Head : 0.1102111 . 0.764137 . 2.31632 . Tracked
ShoulderLeft : 0.004847 . 0.4848062 . 2.156674 . Tracked
ElbowLeft : -0.08605182 . 0.2639944 . 1.961353 . Tracked
WristLeft : 0.05606865 . 0.0812235 . 1.782436 . Tracked
HandLeft : 0.1048907 . 0.04204441 . 1.752779 . Tracked
ShoulderRight : 0.1003972 . 0.4342912 . 2.105433 . Inferred
ElbowRight : 0.04290332 . 0.2282115 . 1.903466 . Inferred
WristRight : 0.192867 . 0.02282321 . 1.8539 . Inferred
HandRight : 0.2428548 . -0.04563954 . 1.842033 . Inferred
HipLeft : -0.02023148 . 0.04548366 . 2.215233 . Tracked
KneeLeft : 0.09747195 . -0.4270709 . 2.213641 . Tracked
AnkleLeft : 0.01052275 . -0.7980915 . 2.257712 . Tracked
FootLeft : 0.09642124 . -0.8315797 . 2.219517 . Tracked
HipRight : 0.03052231 . 0.01582873 . 2.228626 . Tracked
KneeRight : 0.04615334 . -0.4327095 . 2.331926 . Tracked
AnkleRight : -0.06263956 . -0.7799504 . 2.335516 . Tracked
FootRight : 0.01406053 . -0.804803 . 2.276708 . Tracked
